[gd_scene format=3 uid="uid://d0rkdo3elfnke"]

[ext_resource type="Script" uid="uid://7qddkg4onoyt" path="res://Scripts/GameManager.gd" id="1_1xgcs"]
[ext_resource type="Shape3D" uid="uid://bx8tmnxvlmk3w" path="res://Resources/circlespace_ground.tres" id="1_paki0"]
[ext_resource type="BoxMesh" uid="uid://dgb5c8lu5gf52" path="res://Resources/Mesh/cube10m.tres" id="3_m7k6n"]
[ext_resource type="BoxMesh" uid="uid://bwi4vnsw7m0cg" path="res://Resources/Mesh/cube15m.tres" id="4_054na"]
[ext_resource type="BoxMesh" uid="uid://bftcxgff1it0i" path="res://Resources/Mesh/cube5m.tres" id="4_xcc3k"]
[ext_resource type="Texture2D" uid="uid://c25ph8jfjmb7h" path="res://Resources/Images/CharacterSprites/3.png" id="5_mstn6"]
[ext_resource type="Material" uid="uid://ddrr4rneggspf" path="res://Resources/Materials/purple.tres" id="5_scaty"]
[ext_resource type="Material" uid="uid://dg8vhoy06eie" path="res://Resources/Materials/green.tres" id="5_t7kqs"]
[ext_resource type="Material" uid="uid://cto4rjwqajxbe" path="res://Resources/Materials/orange.tres" id="7_lgx5e"]
[ext_resource type="Material" uid="uid://bhlr37us84qy0" path="res://Resources/Materials/red.tres" id="7_m8n5y"]
[ext_resource type="Material" uid="uid://6qwphoj7akoh" path="res://Resources/Materials/dark_blue.tres" id="9_fekrv"]

[sub_resource type="BoxMesh" id="BoxMesh_ofkph"]
material = ExtResource("5_scaty")
size = Vector3(10, 10, 10)

[sub_resource type="BoxMesh" id="BoxMesh_m8n5y"]
material = ExtResource("9_fekrv")
size = Vector3(10, 10, 10)

[sub_resource type="BoxMesh" id="BoxMesh_fekrv"]
material = ExtResource("7_m8n5y")
size = Vector3(10, 10, 10)

[sub_resource type="BoxMesh" id="BoxMesh_b50f7"]
material = ExtResource("5_t7kqs")
size = Vector3(10, 10, 10)

[sub_resource type="BoxMesh" id="BoxMesh_mgvxf"]
material = ExtResource("7_m8n5y")
size = Vector3(15, 15, 15)

[sub_resource type="BoxMesh" id="BoxMesh_t7kqs"]
material = ExtResource("7_lgx5e")
size = Vector3(15, 15, 15)

[sub_resource type="BoxMesh" id="BoxMesh_lgx5e"]
material = ExtResource("5_scaty")
size = Vector3(15, 15, 15)

[sub_resource type="BoxMesh" id="BoxMesh_scaty"]
material = ExtResource("9_fekrv")
size = Vector3(5, 5, 5)

[sub_resource type="BoxMesh" id="BoxMesh_iafxj"]
material = ExtResource("5_scaty")
size = Vector3(5, 5, 5)

[sub_resource type="BoxMesh" id="BoxMesh_hl0am"]
material = ExtResource("7_lgx5e")
size = Vector3(5, 5, 5)

[sub_resource type="PlaneMesh" id="PlaneMesh_pqqbi"]
size = Vector2(2000, 2000)

[sub_resource type="ViewportTexture" id="ViewportTexture_1xgcs"]
viewport_path = NodePath("MM/Main Menu/SubViewport")

[sub_resource type="ViewportTexture" id="ViewportTexture_66bfg"]
viewport_path = NodePath("LevelSelect/SubViewport")

[sub_resource type="ViewportTexture" id="ViewportTexture_mstn6"]
viewport_path = NodePath("Options/SubViewport")

[sub_resource type="FastNoiseLite" id="FastNoiseLite_paki0"]
frequency = 0.0177
fractal_gain = 0.825
fractal_weighted_strength = 0.62

[sub_resource type="NoiseTexture2D" id="NoiseTexture2D_pqqbi"]
noise = SubResource("FastNoiseLite_paki0")
seamless = true

[sub_resource type="ProceduralSkyMaterial" id="ProceduralSkyMaterial_1xgcs"]
sky_top_color = Color(0.5617979, 0.70334965, 0.8838592, 1)
sky_curve = 0.11367877
sky_cover = SubResource("NoiseTexture2D_pqqbi")
sky_cover_modulate = Color(0.65776736, 0.82781184, 0.97294277, 1)
ground_bottom_color = Color(0.59340787, 0.64120543, 0.5506587, 1)

[sub_resource type="Sky" id="Sky_66bfg"]
sky_material = SubResource("ProceduralSkyMaterial_1xgcs")

[sub_resource type="Environment" id="Environment_mstn6"]
background_mode = 2
sky = SubResource("Sky_66bfg")
ambient_light_source = 3
ambient_light_color = Color(0.80075866, 0.72406346, 0.68819916, 1)
ambient_light_sky_contribution = 0.76

[node name="Main" type="Node3D" unique_id=951669777 node_paths=PackedStringArray("main_menu_node_parent", "main_camera", "level_node_parent", "options_node_parent")]
script = ExtResource("1_1xgcs")
main_menu_scene_path = "res://Resources/MainMenu.tscn"
main_menu_node_parent = NodePath("MM/Main Menu/SubViewport")
main_camera = NodePath("Camera3D")
main_cam_origin_pos = Vector3(0, 2.5, 0)
level_node_parent = NodePath("LevelSelect/SubViewport")
options_scene_path = "res://Resources/Options.tscn"
options_node_parent = NodePath("Options/SubViewport")
options_cam_pos = Vector3(0, 2.5, 0)
options_cam_rot = Vector3(0, -130, 0)

[node name="KeyConStatics" type="Node3D" parent="." unique_id=1797945235]

[node name="CUBES" type="Node3D" parent="." unique_id=1931190868]

[node name="cube10m" type="MeshInstance3D" parent="CUBES" unique_id=30907633]
transform = Transform3D(0.8909669, 0, -0.45406827, 0, 1, 0, 0.45406827, 0, 0.8909669, -0.317, 5, -34.95)
mesh = ExtResource("3_m7k6n")

[node name="cube10m3" type="MeshInstance3D" parent="CUBES" unique_id=514508000]
transform = Transform3D(0.9629322, 0, -0.26974344, 0, 1, 0, 0.26974344, 0, 0.9629322, 34.10816, 4.999998, -15.467482)
mesh = SubResource("BoxMesh_ofkph")

[node name="cube10m5" type="MeshInstance3D" parent="CUBES" unique_id=993061223]
transform = Transform3D(0.9629322, 0, -0.26974344, 0, 1, 0, 0.26974344, 0, 0.9629322, 32.328033, 4.999998, 20.076454)
mesh = SubResource("BoxMesh_m8n5y")

[node name="cube10m4" type="MeshInstance3D" parent="CUBES" unique_id=578233401]
transform = Transform3D(0.902292, 0, -0.4311254, 0, 1, 0, 0.4311254, 0, 0.902292, -40.61313, 4.999996, 1.9639151)
mesh = SubResource("BoxMesh_fekrv")

[node name="cube10m2" type="MeshInstance3D" parent="CUBES" unique_id=1617338401]
transform = Transform3D(0.48280868, 0, -0.87572587, 0, 1, 0, 0.87572587, 0, 0.48280868, -30.742468, 5, -32.441845)
mesh = SubResource("BoxMesh_b50f7")

[node name="cube15m" type="MeshInstance3D" parent="CUBES" unique_id=1026481538]
transform = Transform3D(0.990927, 0, 0.13440123, 0, 1, 0, -0.13440123, 0, 0.990927, 20.39416, 7.499998, -26.189972)
mesh = ExtResource("4_054na")

[node name="cube15m3" type="MeshInstance3D" parent="CUBES" unique_id=350142885]
transform = Transform3D(0.757884, 0, 0.6523894, 0, 1, 0, -0.6523894, 0, 0.757884, 37.410355, 7.499998, 5.483547)
mesh = SubResource("BoxMesh_mgvxf")

[node name="cube15m4" type="MeshInstance3D" parent="CUBES" unique_id=1096989047]
transform = Transform3D(0.95469344, 0, 0.2975914, 0, 1, 0, -0.2975914, 0, 0.95469344, -39.292618, 7.5, -17.614796)
mesh = SubResource("BoxMesh_t7kqs")

[node name="cube15m2" type="MeshInstance3D" parent="CUBES" unique_id=1556139769]
transform = Transform3D(0.9663313, 0, -0.25730154, 0, 1, 0, 0.25730154, 0, 0.9663313, -15.134213, 7.499998, -34.0365)
mesh = SubResource("BoxMesh_lgx5e")

[node name="cube5m" type="MeshInstance3D" parent="CUBES" unique_id=1449086581]
transform = Transform3D(0.8957118, 0, 0.44463518, 0, 1, 0, -0.44463518, 0, 0.8957118, 7.8158183, 2.5, -29.551453)
mesh = ExtResource("4_xcc3k")

[node name="cube5m3" type="MeshInstance3D" parent="CUBES" unique_id=736448659]
transform = Transform3D(0.81337506, 0, 0.5817398, 0, 1, 0, -0.5817398, 0, 0.81337506, -35.788185, 2.5, -5.59254)
mesh = SubResource("BoxMesh_scaty")

[node name="cube5m4" type="MeshInstance3D" parent="CUBES" unique_id=807683150]
transform = Transform3D(0.85399616, 0, -0.52027947, 0, 1, 0, 0.52027947, 0, 0.85399616, -35.18057, 2.5, 11.008347)
mesh = SubResource("BoxMesh_iafxj")

[node name="cube5m2" type="MeshInstance3D" parent="CUBES" unique_id=38514955]
transform = Transform3D(0.8957118, 0, 0.44463518, 0, 1, 0, -0.44463518, 0, 0.8957118, 31.955273, 2.5, -6.0841413)
mesh = SubResource("BoxMesh_hl0am")

[node name="StaticBody3D" type="StaticBody3D" parent="." unique_id=11185580]

[node name="CollisionShape3D" type="CollisionShape3D" parent="StaticBody3D" unique_id=274992953]
shape = ExtResource("1_paki0")

[node name="MeshInstance3D" type="MeshInstance3D" parent="StaticBody3D" unique_id=1321988010]
mesh = SubResource("PlaneMesh_pqqbi")

[node name="CameraMarks" type="Node3D" parent="." unique_id=2135472040]

[node name="MainMenuCam" type="Marker3D" parent="CameraMarks" unique_id=693164952]
transform = Transform3D(1, 0, 0, 0, 1, 0, 0, 0, 1, 0, 2.5, 0)

[node name="OptionsCam" type="Marker3D" parent="CameraMarks" unique_id=801141680]
transform = Transform3D(-0.64278764, 0, -0.76604444, 0, 1, 0, 0.76604444, 0, -0.64278764, 0, 2.5, 0)

[node name="Camera3D" type="Camera3D" parent="." unique_id=1418291471]
transform = Transform3D(0.99999994, 0, 0, 0, 1, 0, 0, 0, 0.99999994, 0, 2.5, 0)
current = true

[node name="LevelSelCam" type="Marker3D" parent="Camera3D" unique_id=1507188224]

[node name="MM" type="Node3D" parent="." unique_id=1173588068]

[node name="Sprite3D" type="Sprite3D" parent="MM" unique_id=1705068177]
transform = Transform3D(0.18722296, 0, -0.07033893, 0, 0.2, 0, 0.07033893, 0, 0.18722296, 3.419, 2.55, -4.63)
alpha_cut = 2
texture = ExtResource("5_mstn6")

[node name="Main Menu" type="Sprite3D" parent="MM" unique_id=1647256920]
transform = Transform3D(1, 0, 0, 0, 1, 0, 0, 0, 1, -3.5553985, 2.5, -6)
alpha_cut = 2
texture = SubResource("ViewportTexture_1xgcs")

[node name="SubViewport" type="SubViewport" parent="MM/Main Menu" unique_id=482492860]
transparent_bg = true
size = Vector2i(400, 500)

[node name="LevelSelect" type="Sprite3D" parent="." unique_id=1170803876]
transform = Transform3D(1, 0, 0, 0, 1, 0, 0, 0, 1, 0, 2.5, -5)
alpha_cut = 2
texture = SubResource("ViewportTexture_66bfg")

[node name="SubViewport" type="SubViewport" parent="LevelSelect" unique_id=609414639]
transparent_bg = true
size = Vector2i(400, 500)

[node name="TMPTMPTMP" type="Control" parent="LevelSelect/SubViewport" unique_id=334525628]
layout_mode = 3
anchors_preset = 0
offset_right = 40.0
offset_bottom = 40.0

[node name="Options" type="Sprite3D" parent="." unique_id=438719251]
transform = Transform3D(-0.64278764, 0, -0.76604444, 0, 1, 0, 0.76604444, 0, -0.64278764, 4.542, 3.25, 3.812)
alpha_cut = 2
texture = SubResource("ViewportTexture_mstn6")

[node name="SubViewport" type="SubViewport" parent="Options" unique_id=442280413]
transparent_bg = true
size = Vector2i(1000, 650)

[node name="WorldEnvironment" type="WorldEnvironment" parent="." unique_id=706010984]
environment = SubResource("Environment_mstn6")

[node name="DirectionalLight3D" type="DirectionalLight3D" parent="." unique_id=1619789540]
transform = Transform3D(0.89847255, 0.16469806, -0.40696672, -1.6164087e-08, 0.9269682, 0.37514067, 0.43902984, -0.33705366, 0.8328553, 2.0461335, 4.229743, -2.039589)
light_energy = 0.097
light_indirect_energy = 0.226
light_volumetric_fog_energy = 0.226
shadow_enabled = true
